22038|60|37793|8722|2015-11-29|60|37793|1854|2015-11-29
71043|802|19183|8707|2015-03-29|802|19183|12311|2015-03-29
71043|802|19183|12493|2015-10-18|802|19183|1854|2015-10-18
71043|802|19183|11362|2015-12-13|802|19183|1854|2015-12-13
71043|802|19183|11362|2015-12-13|802|19183|1854|2015-12-13
71043|802|19183|11362|2015-12-13|802|19183|1854|2015-12-13
115810|1026|6985|8712|2015-08-16|1026|6985|421|2015-08-16
360847|463|22485|8707|2015-08-02|463|58772|827|2015-08-02
360847|463|15658|8707|2015-09-27|463|15658|827|2015-09-27
360847|463|15658|8707|2015-09-27|463|58772|827|2015-09-27
360847|463|15658|8707|2015-11-15|463|15658|5534|2015-11-15
408948|123|13060|9470|2015-06-07|123|13060|9608|2015-06-07
419000|479|51418|8714|2015-07-05|479|51418|827|2015-07-05
419000|479|51418|8714|2015-08-02|479|51418|3749|2015-08-02
419000|479|51418|8714|2015-12-27|479|51418|3749|2015-12-27
